76 6677 76 76 76 676 67 767 7766 676 76 667 6677 76 76 76 76 676 67 67 67 67 67 767 7766 676 76 667 67 667 67 67 67 67 67 67 67 67 67 67 667 67 6677 76 76 76 76 676 67 767 7766 676 67 67 67 667 76 6677 76 76 76 676 67 67 767 7766 676 76 667 67 67 67 67 67 67 67 67 67 67 667 67 6677 76 76 76 76 676 67 767 7766 676
67 67 67 667 76 76 76 6677 76 676 67 67 67 67 767 7766 676 667 76 76 76 76 76 76 76 76 76 76 76 76 667 76 76 76 667 76 76 6677 76 76 76 676 67 767 7766 676 76 667 76 6677 76 76 76 676 67 67 767 7766 676 76 667 67 67 67 67
67 667 67 67 67 67 67 67 667 67 67 67 6677 76 676 67 67 67 767 7766 676 667 67 67 67 67 67 67 67 67 67 67 67 67 67 667 76 76 667 67 67 667 76 76 76 76 76 76 76 76 76 76 76 76 76 667 6677 76 76 76 676 67 767 7766 676 76 76 76 667
67 67 67 6677 76 676 67 67 67 767 7766 676 667 67 67 67 67 67 67 67 67 67 67 67 67 67 667 6677 76 76 676 67 67 67 67 67 767 7766 676 67 67 67 667 67 67 6677 76 676 67 67 67 767 7766 676 667 67 67 67 67 67 67 67 67 67 667 67 67 67 667 6677 76 76 676 67 67 67
67 67 767 7766 676 67 67 67 667 6677 76 676 67 67 67 767 7766 676 67 667 76 6677 76 676 67 67 67 767 7766 676 667 76 76 6677 76 676 67 67 67 67 767 7766 676 76 76 667 6677 76 676 67 67 67 767 7766 676 76 667 76 76 6677 76 76 76 676 67 767 7766 676 76 76 76 667 76 76 76 76 76 76 76 76 76 667
76 76 76 76 76 76 76 76 667 67 67 67 67 67 67 67 67 67 67 67 67 67 667 67 67 67 67 67 67 667 6677 76 76 76 76 676 67 767 7766 676 67 67 67 667 67 67 67 67 67 6677 76 676 67 67 67 767 7766 676 667 76 76 76 76 76 76 76 76 76 667 6677
76 76 76 676 67 767 7766 676 76 76 667 6677 76 676 67 67 67 767 7766 676 67 67 667 6677 76 76 76 676 67 767 7766 676 76 76 76 76 667 67 67 67 6677 76 676 67 67 67 767 7766 676 67 67 667 67 67 67 67 67 67 67 67 667 67 67 67 67 67 667 76 76 76 76 76 76 76 76
667 76 6677 76 76 76 676 67 767 7766 676 76 76 667 67 6677 76 676 67 67 67 767 7766 676 67 667 67 67 67 67 67 67 67 67 667 76 6677 67 67 676 76 76 76 767 7766 676 67 667 67 6677 76 676 67 67 67 767 7766 676 667 76 76 667 67 67 67 67 67
67 67 67 67 67 67 667 667 76 76 76 76 76 76 76 667 76 667 76 6677 76 76 76 676 67 767 7766 676 76 667 76 76 76 6677 76 76 76 76 76 676 67 67 767 7766 676 667 76 76 76 667 67 67 67 67 67 667 6677 67 67 676 76 76 76 767 7766 676 667 67 67 6677 76 76 76 676
67 67 767 7766 676 667 67 67 67 67 6677 76 676 67 67 767 7766 676 67 667 76 6677 76 676 67 67 67 67 767 7766 676 667 67 6677 76 76 76 76 76 676 67 767 7766 676 667 76 76 76 76 76 76 76 76 76 76 76 76 667 67 67 67 667 67 667 76 76 6677 76 76 76 676 67 767 7766 676 76 667 76 6677 76 76 76 676 67
67 767 7766 676 76 667 67 67 67 67 67 67 67 67 67 67 67 667 6677 76 76 76 76 676 67 767 7766 676 67 67 67 667 76 76 76 6677 76 676 67 67 67 67 767 7766 676 667 76 76 76 76 76 667 6677 76 76 76 676 67 767 7766 676 76 76 76 76 76 667 67 67 6677 76 676 67 67 67 767 7766 676 67 667 76 76 667 6677 76 76 76
676 67 767 7766 676 76 76 76 667 6677 76 76 76 76 676 67 767 7766 676 67 67 67 667 6677 76 676 67 67 67 767 7766 676 67 67 667 67 67 67 667 6677 76 76 76 676 67 767 7766 676 76 76 76 667 667 67 67 67 6677 76 676 67 67 67 767 7766 676 667 67 67 67 67 67 67 67 67 67 67 67 67 67 667 6677 76 76 676 67
67 67 67 67 767 7766 676 67 67 67 667 6677 76 676 67 67 67 767 7766 676 67 667 76 76 6677 76 76 76 676 67 767 7766 676 76 667 6677 76 76 76 76 676 67 767 7766 676 67 67 67 667 76 76 6677 76 676 67 67 67 67 767 7766 676 76 667 76 76 76 76 76 667 76 76 76 76 76 76 76 76 76 667 67 67 67 67
67 67 67 67 67 67 67 667 76 76 76 76 76 76 76 76 76 76 76 667 67 67 67 67 67 667 76 76 76 76 76 76 76 667 76 6677 76 76 76 676 67 767 7766 676 76 76 667 676 76 6677 76 76 76 676 67 767 7766 676 76 76 76 667 76 76 76 76 6677 76 76 676 67 67 67 767 7766 676 667 76 76 667 67 667 6677 76 76 76 76 676
67 767 7766 676 67 67 67 667 6677 76 676 67 67 67 767 7766 676 67 67 667 67 67 67 667 76 76 667 76 76 667 76 76 6677 76 76 76 676 67 767 7766 676 667 76 76 667 67 67 67 67 6677 76 676 67 67 67 767 7766 676 667 76 76 6677 76 76 76 676 67 767 7766 676 76 667 676 76 6677 76 76 76 676 67 767 7766 676 76 76 76 667 76 76
76 76 6677 76 76 676 67 67 67 767 7766 676 667 76 76 667 67 667 6677 76 76 76 76 676 67 767 7766 676 67 67 67 667 76 6677 76 76 76 676 67 67 767 7766 676 76 667 67 67 67 67 67 67 67 67 67 67 667 67 6677 76 76 76 76 676 67 767 7766 676 67 67 67 667 76 76 6677 76 676 67 67 67 67 767 7766 676
76 76 667 67 6677 76 676 67 67 67 767 7766 676 667 67 67 67 67 67 67 67 67 67 67 67 67 67 667 67 67 67 67 67 67 67 667 76 6677 76 76 76 76 676 67 767 7766 676 67 67 667 67 6677 76 676 67 67 67 767 7766 676 667 67 67 67 67 67 67 67 67 67 67 67 67 667 667 76 76 76 667 6677 76 76 676 67 767 7766 676
76 76 76 76 76 76 76 76 667 67 67 6677 76 76 76 676 67 67 767 7766 676 667 67 67 67 67 6677 76 676 67 67 767 7766 676 67 667 76 6677 76 676 67 67 67 67 767 7766 676 667 67 6677 76 76 76 76 76 676 67 767 7766 676 667 76 76 76 76 76 76 76 76 76 76 76 76 667 67 67 67 667 67 667 76
76 6677 76 76 76 676 67 767 7766 676 76 667 76 6677 76 76 76 676 67 67 767 7766 676 76 667 67 67 67 67 67 667 76 6677 76 676 67 67 67 67 67 767 7766 676 76 667 76 76 76 76 76 6677 76 676 67 67 767 7766 676 667 67 667 67 6677 76 76 676 67 767 7766 676 67 67 67 67 667 6677 76 676 67 67 67 767 7766 676 67 67
667 67 67 67 667 76 76 667 76 76 667 76 76 6677 76 76 76 676 67 767 7766 676 667 76 76 667 67 67 67 67 6677 76 676 67 67 67 767 7766 676 667 76 76 6677 76 76 76 676 67 767 7766 676 76 667 67 6677 76 76 76 76 76 676 67 767 7766 676 667 76 76 6677 76 76 76 676 67 767 7766 676 667 76 6677 76 76 76 76 676
67 767 7766 676 67 67 667 6677 76 676 67 67 67 767 7766 676 67 67 667 6677 76 76 76 676 67 767 7766 676 76 76 76 76 667 67 67 67 6677 76 676 67 67 67 767 7766 676 67 67 667 67 67 67 67 67 67 67 67 667 67 67 67 67 67 667 76 6677 76 676 67 67 67 67 67 767 7766 676 76 667 76 6677 76 76 76 676 67 67 767 7766 676 76
76 667 76 76 76 76 76 76 76 667 76 76 6677 76 76 76 676 67 767 7766 676 76 76 667 67 6677 76 76 76 76 676 67 767 7766 676 67 67 67 667 76 76 76 6677 76 76 76 76 76 676 67 67 767 7766 676 667 76 76 76 667 67 67 67 67 67 667 667 67 67 67 6677 76 676 67 67 67 767 7766 676 667 76 667 76 6677 76 76 76 676 67
767 7766 676 76 667 6677 76 676 67 67 67 767 7766 676 67 667 67 67 67 67 67 67 67 67 67 67 67 67 67 667 76 76 76 76 76 76 76 76 76 76 667 76 6677 76 76 76 676 67 767 7766 676 76 667 76 6677 76 76 76 676 67 67 767 7766 676 76 667 67 67 67 67 67 67 67 67 67 67 667 67 6677 76 76 76 76 676 67 767 7766 676 67 67 67 667 6677 76 676 67 67 67 767
7766 676 67 667 67 667 67 67 67 67 67 67 67 67 67 67 67 67 67 667 67 67 67 67 67 67 667 76 667 6677 76 76 76 76 676 67 767 7766 676 67 67 67 667 76 76 76 6677 76 676 67 67 67 67 767 7766 676 667 76 76 76 76 76 667 6677 76 76 76 676 67 767 7766 676 76 76 76 76 76 667 67 67 6677 76 676 67 67 67 767 7766 676 667 76 76 76 76 76 667 67 67 67 67 67 67
67 67 67 67 67 667 667 6677 67 67 676 76 76 76 767 7766 676 76 76 667 67 67 67 67 67 6677 76 676 67 67 67 767 7766 676 667 67 67 67 67 67 67 667 76 667 6677 76 76 76 76 676 67 767 7766 676 67 67 67 667 67 67 67 67 67 6677 76 676 67 67 67 767 7766 676 667 76 76 667 76 76 76 76 76 76 667 76 6677 76 76 76 676 67 767 7766 676 76 76 667 76 6677 76 76 76 676 67 67 767 7766 676 76 667 67 67 67 67 67 67 67 67 67
67 67 667 76 667 67 6677 76 76 76 76 676 67 767 7766 676 67 67 67 667 67 6677 76 676 67 67 67 767 7766 676 67 667 67 67 67 67 67 67 67 67 67 67 67 67 67 67 667 76 76 76 76 76 76 76 76 76 667 67 67 67 67 67 67 67 667 667 76 76 76 76 76 76 76 667 67 67 67 67 67 667 76 76 76 76 76 76 76 667 76 6677 76 76 76 676 67 767 7766 676 76 76 667 67 67 67 67 67 6677 76 676 67 67 67 767 7766 676 667 67 67 67 67 67 67 667 76 667 6677 76 76 76 76 676 67 767 7766
676 67 67 67 667 76 76 76 6677 76 76 76 76 76 676 67 67 767 7766 676 667 76 76 76 76 667 76 6677 76 676 67 67 67 67 67 767 7766 676 76 667 6677 76 676 67 67 67 767 7766 676 67 667 76 76 6677 76 76 76 676 67 767 7766 676 76 76 667 67 67 67 6677 76 676 67 67 67 767 7766 676 67 67 667 67 67 67 67 667 76 76 76 76 76 76 76 667 67 67 67 67 67 67 67 667 76 76 76 76 76 76 76 667 667 667
667 76 76 6677 76 76 76 676 67 767 7766 676 76 76 667 76 76 76 76 76 76 76 76 667 76 76 667 76 76 76 76 76 76 76 667 67 67 67 67 67 67 67 667 76 76 76 76 76 667 67 67 67 67 67 667 76 76 76 667 76 667 6677 76 76 76 676 67 767 7766 676 667 76 6677 76 676 67 67 67 767 7766 676 76 667 67 67 67 67 667 67 667 76 76 76 76
76 667 67 6677 76 76 76 676 67 767 7766 676 67 667 76 6677 76 676 67 67 67 767 7766 676 76 667 67 67 67 67 667 67 67 67 67 67 667 76 76 76 76 667 76 76 76 76 76 667 67 67 67 67 67 67 67 67 67 67 67 67 67 67 667 76 76 76 76 76 76 667 67 667 67 67 67 67 67 667 76 76 76 76 76 76 667 76 76 76
76 76 76 76 76 667 67 67 67 67 67 67 67 67 67 667 76 76 76 76 667 67 67 67 67 67 67 67 67 67 667 76 76 76 76 76 76 76 76 76 76 76 76 76 76 667 67 67 67 67 67 67 67 67 67 667 76 76 76 76 76 667 76 76 76 76 667 67 67 67 67 67 67 67 67 67 67 67 67 67 67 667 67 6677 76
76 676 67 767 7766 676 67 67 67 667 6677 76 76 76 676 67 767 7766 676 667 67 667 76 76 76 76 76 76 76 76 76 667 67 67 67 67 67 67 667 67 67 6677 76 676 67 67 67 767 7766 676 667 6677 76 676 67 67 67 67 67 67 767 7766 676 76 667 67 67 67 67 67 667 676 67 67 67 67 67 67 67 67 67 67 667 76 6677 76 76 76 76 76
76 76 676 67 767 7766 676 667 676 67 67 67 67 67 67 67 67 67 67 667 76 76 6677 76 76 76 676 67 67 67 67 767 7766 676 67 667 67 67 67 67 67 667 67 67 67 67 667 76 76 76 76 76 76 76 76 76 667 67 67 67 67 67 67 67 67 67 67 67 67 67 67 667 76 76 76 76 76 76 667 76 76 76 76 667
67 67 67 67 67 67 67 67 67 67 67 67 67 667 6677 76 76 676 67 767 7766 676 67 67 667 76 76 76 6677 76 676 67 67 767 7766 676 76 667 76 76 76 76 76 76 667 76 667 67 67 67 67 67 67 67 67 67 67 667 76 76 76 76 76 76 76 76 76 76 667 67 6677 76 676 67 67 67 767 7766 676 667 76 76 76 6677 76 676 67 67 767
7766 676 76 667 76 76 76 76 76 76 76 76 76 76 76 76 76 76 667 67 67 67 67 67 67 67 67 667 76 76 76 667 76 6677 76 76 76 676 67 767 7766 676 667 76 6677 76 676 67 67 67 767 7766 676 76 667 67 67 67 67 67 667 67 67 67 67 667 76 76 76 76 76 667 6677 76 76 76 676 67 767 7766 676 667 76 6677 76
676 67 67 67 767 7766 676 76 667 67 67 67 67 67 667 676 67 67 67 67 67 67 67 67 67 67 667 76 76 6677 76 76 76 676 67 67 67 67 767 7766 676 67 667 67 67 67 67 67 67 667 76 76 76 76 76 76 667 67 67 67 67 67 67 67 67 667 76 76 667 67 67 67 667 76 76 76 76 76 667 76 76 76 76 667 76 76 6677 76
76 76 676 67 767 7766 676 76 76 76 667 76 76 76 76 76 76 76 76 667 67 67 67 67 67 67 67 67 667 67 67 67 6677 76 676 67 67 67 767 7766 676 67 67 667 67 67 67 67 67 67 667 67 67 67 67 67 67 67 67 667 76 76 76 76 76 76 667 67 667 76 76 76 76 76 76 76 76 76 667 67 6677 76 76 76 76
76 76 676 67 767 7766 676 667 76 76 76 6677 76 676 67 67 767 7766 676 76 667 76 76 76 76 76 76 667 67 667 76 76 76 76 667 67 67 67 6677 76 676 67 67 67 767 7766 676 667 76 76 76 6677 76 676 67 67 767 7766 676 76 667 76 76 76 76 76 76 667 67 667